,Datetime,Freq
0,2022,142
142,2021,6
148,2020,99
247,2019,396
643,2018,229
872,2017,990
1862,2016,250
2112,2015,62
2174,2014,49
